0 6
0 14
0 18
0 21
0 89
0 91
0 100
0 102
0 109
0 110
0 111
0 120
0 170
0 187
0 195
1 1
1 2
1 16
1 80
1 84
1 86
1 91
1 99
1 100
1 111
1 117
1 122
1 123
1 136
2 11
2 18
2 99
2 101
2 104
2 106
2 114
2 120
2 158
2 177
2 190
3 9
3 77
3 96
3 98
3 111
3 112
3 116
3 119
3 136
3 155
3 176
3 193
4 0
4 73
4 84
4 99
4 104
4 112
4 125
4 177
4 194
5 1
5 19
5 49
5 75
5 77
5 98
5 99
5 115
5 120
5 121
5 144
5 163
5 188
5 193
5 197
6 2
6 14
6 101
6 102
6 103
6 104
6 110
6 111
6 181
6 192
7 1
7 2
7 5
7 8
7 12
7 13
7 16
7 75
7 101
7 116
7 149
7 179
7 191
7 193
7 196
8 5
8 8
8 10
8 20
8 74
8 87
8 92
8 102
8 103
8 106
8 107
8 118
8 121
8 122
8 134
8 163
8 177
8 184
8 193
9 5
9 9
9 10
9 78
9 84
9 99
9 118
9 121
9 125
9 126
9 128
9 178
9 185
9 192
10 1
10 82
10 104
10 114
10 117
10 120
10 121
10 135
10 176
10 179
10 183
10 185
10 196
11 3
11 5
11 14
11 16
11 37
11 100
11 113
11 120
11 125
11 177
11 179
11 195
12 13
12 80
12 105
12 109
12 111
12 113
12 166
12 191
13 13
13 14
13 17
13 78
13 87
13 97
13 103
13 109
13 111
13 115
13 116
13 120
13 141
13 149
13 175
14 0
14 1
14 2
14 4
14 74
14 76
14 86
14 89
14 97
14 105
14 108
14 109
14 110
14 113
14 118
14 119
14 122
14 174
14 175
14 186
14 190
14 199
15 16
15 17
15 81
15 84
15 99
15 100
15 102
15 103
15 104
15 107
15 109
15 111
15 114
15 115
15 118
15 119
15 189
15 195
16 1
16 2
16 20
16 80
16 84
16 89
16 98
16 115
16 121
16 152
16 179
16 185
16 187
16 197
17 2
17 3
17 4
17 8
17 11
17 17
17 73
17 96
17 99
17 109
17 114
17 118
17 120
17 129
17 131
17 161
17 175
17 192
18 7
18 84
18 92
18 98
18 99
18 104
18 108
18 109
18 111
18 112
18 119
18 121
18 123
18 128
18 193
18 195
18 196
19 4
19 7
19 96
19 99
19 100
19 101
19 105
19 112
19 120
19 139
19 141
19 181
19 192
19 198
20 15
20 100
20 103
20 104
20 109
20 112
20 114
20 116
20 118
20 126
21 10
21 11
21 19
21 89
21 98
21 105
21 109
21 111
21 112
21 114
21 119
21 152
21 176
21 188
21 197
22 20
22 77
22 103
22 105
22 157
22 188
22 192
23 2
23 29
23 76
23 78
23 79
23 86
23 92
23 106
23 124
23 174
23 176
23 179
23 183
23 193
23 194
24 0
24 76
24 77
24 87
24 90
24 97
24 173
24 177
24 187
24 190
24 191
24 192
24 195
24 198
25 9
25 81
25 82
25 86
25 87
25 94
25 97
25 117
25 124
25 169
25 180
25 181
25 191
25 192
25 193
25 198
26 33
26 78
26 86
26 89
26 94
26 100
26 112
26 139
26 176
26 182
26 184
26 192
26 197
27 7
27 19
27 57
27 82
27 89
27 94
27 96
27 105
27 112
27 159
27 170
27 176
27 179
27 181
27 188
27 195
27 198
28 93
28 97
28 155
28 163
28 168
28 175
28 185
28 187
28 194
28 197
29 30
29 67
29 74
29 76
29 82
29 83
29 87
29 150
29 154
29 164
29 178
29 184
29 185
29 186
29 189
29 191
29 199
30 53
30 93
30 100
30 113
30 122
30 159
30 164
30 180
30 189
30 190
30 197
30 198
31 10
31 64
31 74
31 78
31 79
31 83
31 85
31 90
31 92
31 157
31 163
31 176
31 180
31 181
31 188
32 71
32 76
32 182
32 190
32 194
33 18
33 74
33 82
33 86
33 90
33 92
33 168
33 185
33 190
33 191
33 195
34 17
34 18
34 79
34 88
34 90
34 91
34 93
34 96
34 99
34 100
34 151
34 155
34 164
34 179
34 182
34 190
34 197
34 198
35 19
35 44
35 81
35 91
35 94
35 177
35 179
35 180
35 182
35 190
35 192
35 193
35 194
35 197
36 9
36 19
36 33
36 74
36 75
36 78
36 81
36 85
36 86
36 90
36 149
36 160
36 169
36 174
36 184
36 187
36 189
37 0
37 74
37 89
37 93
37 105
37 130
37 159
37 172
37 177
37 184
37 190
38 78
38 82
38 85
38 92
38 175
38 177
38 179
38 184
39 2
39 74
39 77
39 78
39 85
39 88
39 90
39 93
39 96
39 103
39 121
39 160
39 182
39 186
39 191
39 199
40 0
40 12
40 46
40 61
40 67
40 76
40 85
40 86
40 91
40 98
40 176
40 179
40 192
40 193
41 73
41 88
41 93
41 156
41 170
41 174
41 175
41 180
41 187
42 7
42 13
42 16
42 36
42 79
42 80
42 82
42 86
42 115
42 169
42 172
42 177
42 181
42 190
42 192
42 194
42 196
42 198
43 9
43 47
43 73
43 74
43 82
43 85
43 153
43 173
43 174
43 176
43 183
43 187
43 188
43 189
43 191
43 192
43 194
43 198
44 37
44 46
44 75
44 82
44 84
44 86
44 98
44 116
44 118
44 175
44 177
44 183
44 184
44 191
44 193
45 78
45 82
45 88
45 94
45 95
45 96
45 151
45 190
45 195
46 36
46 50
46 76
46 78
46 84
46 93
46 103
46 112
46 129
46 140
46 157
46 164
46 166
46 172
46 178
46 179
46 183
46 193
47 50
47 78
47 86
47 91
47 109
47 162
47 183
47 189
47 194
48 8
48 37
48 63
48 73
48 78
48 82
48 86
48 93
48 151
48 160
48 174
48 177
48 184
48 189
48 199
49 19
49 21
49 32
49 76
49 81
49 84
49 93
49 94
49 95
49 96
49 97
49 102
49 112
49 119
49 127
49 133
49 151
49 153
49 174
49 178
49 183
49 186
49 188
49 196
50 2
50 17
50 73
50 75
50 76
50 109
51 9
51 74
51 83
51 90
51 92
51 99
51 127
51 176
51 177
51 188
51 189
51 192
51 197
51 198
52 17
52 20
52 25
52 39
52 50
52 78
52 84
52 86
52 87
52 91
52 94
52 114
52 178
52 180
52 184
52 194
52 196
52 197
53 5
53 20
53 59
53 79
53 94
53 95
53 117
53 168
53 176
53 186
53 190
53 194
54 83
54 86
54 87
54 97
54 122
54 186
54 193
55 90
55 93
55 94
55 97
55 118
55 165
55 179
55 191
55 193
55 195
55 197
55 198
55 199
56 2
56 6
56 76
56 80
56 95
56 96
56 176
56 183
56 184
56 185
56 191
56 192
56 196
56 199
57 10
57 53
57 62
57 77
57 92
57 115
57 116
57 120
57 174
57 177
57 181
57 187
57 194
57 195
57 196
57 199
58 22
58 25
58 80
58 89
58 90
58 94
58 97
58 100
58 103
58 117
58 120
58 134
58 153
58 166
58 175
58 184
58 185
58 194
58 195
58 197
58 199
59 65
59 77
59 83
59 85
59 87
59 91
59 105
59 174
59 180
59 184
59 192
59 196
60 60
60 79
60 83
60 97
60 115
60 159
60 163
60 171
60 176
60 182
60 183
60 185
60 191
60 198
61 13
61 44
61 54
61 59
61 64
61 74
61 77
61 82
61 83
61 86
61 90
61 97
61 102
61 169
61 171
61 179
61 182
61 190
61 192
61 193
61 194
61 195
61 197
62 0
62 74
62 77
62 88
62 89
62 90
62 92
62 93
62 108
62 110
62 173
62 177
62 178
62 179
62 185
62 189
62 195
63 1
63 9
63 73
63 80
63 105
63 116
63 151
63 162
63 177
63 180
63 182
63 185
64 16
64 42
64 74
64 79
64 83
64 94
64 95
64 121
64 166
64 196
65 1
65 18
65 92
65 95
65 148
65 156
65 170
65 187
65 190
66 6
66 80
66 89
66 92
66 142
66 152
66 164
66 179
66 180
66 181
66 183
66 187
66 196
67 39
67 82
67 87
67 110
67 112
67 163
67 176
67 177
67 191
67 197
67 198
67 199
68 10
68 11
68 73
68 79
68 93
68 98
68 114
68 151
68 158
68 159
68 166
68 175
68 186
68 192
68 197
68 199
69 73
69 81
69 88
69 93
69 144
69 155
69 165
69 182
69 183
69 184
69 185
69 194
69 197
70 10
70 21
70 32
70 62
70 84
70 93
70 113
70 158
70 164
70 165
70 169
70 181
70 189
70 191
70 194
71 52
71 74
71 91
71 96
71 118
71 156
71 173
71 196
72 2
72 10
72 50
72 66
72 86
72 99
72 154
72 155
72 175
72 176
72 181
72 182
72 184
72 193
72 195
73 34
73 55
73 62
73 148
73 178
73 180
73 188
73 192
74 11
74 24
74 27
74 28
74 34
74 91
74 93
74 165
74 175
74 186
74 191
74 198
75 0
75 18
75 22
75 46
75 49
75 61
75 81
75 179
75 184
75 185
75 190
75 192
75 199
76 4
76 17
76 29
76 43
76 73
76 147
76 158
76 174
76 176
76 196
77 15
77 34
77 53
77 60
77 72
77 74
77 121
77 138
77 145
77 177
78 1
78 63
78 66
78 72
78 180
78 198
79 15
79 29
79 54
79 65
79 95
79 111
79 118
79 144
79 197
80 5
80 17
80 20
80 25
80 50
80 78
80 141
80 146
80 160
80 177
81 6
81 16
81 40
81 43
81 52
81 68
81 117
81 154
81 176
81 181
81 188
81 195
81 197
82 24
82 60
82 70
82 128
82 165
82 181
82 185
82 189
82 192
83 2
83 3
83 6
83 16
83 23
83 31
83 69
83 70
83 106
83 137
83 178
83 192
83 193
84 46
84 57
84 59
84 101
84 123
85 58
85 77
85 128
85 156
85 172
85 174
86 9
86 34
86 39
86 56
86 85
86 123
86 174
86 187
86 191
86 196
86 198
87 4
87 5
87 61
87 138
87 143
87 194
88 8
88 18
88 32
88 57
88 59
88 142
88 154
88 159
88 180
88 188
88 198
89 16
89 19
89 27
89 28
89 57
89 133
89 174
89 189
90 1
90 6
90 12
90 29
91 3
91 18
91 30
91 130
91 144
91 186
92 4
92 17
92 22
92 23
92 30
92 51
92 85
92 127
92 152
92 159
92 180
92 192
93 15
93 33
93 35
93 45
93 50
93 185
94 29
94 30
94 44
94 47
94 52
94 55
94 69
94 136
94 177
94 181
94 184
95 9
95 21
95 61
95 117
95 135
95 136
95 163
95 184
96 39
96 64
96 133
96 179
96 196
97 16
97 21
97 32
97 39
97 43
97 65
97 67
97 72
97 135
97 183
98 1
98 10
98 13
98 18
98 89
98 98
98 100
98 107
98 119
98 120
98 197
99 2
99 10
99 75
99 89
99 92
99 114
99 116
99 117
99 118
99 120
99 122
99 152
99 167
99 184
99 198
100 3
100 5
100 9
100 14
100 81
100 95
100 106
100 110
100 115
100 121
100 140
100 144
100 160
100 174
101 3
101 7
101 9
101 18
101 79
101 83
101 97
101 105
101 109
101 114
101 133
101 149
101 175
101 179
101 188
102 17
102 20
102 67
102 81
102 95
102 110
102 112
102 123
102 124
102 126
102 181
102 188
102 189
102 191
103 1
103 2
103 4
103 14
103 75
103 89
103 104
103 107
103 108
103 110
103 113
103 122
103 123
103 138
103 180
103 192
104 0
104 7
104 88
104 104
104 108
104 109
104 112
104 119
104 131
104 139
105 97
105 102
105 113
105 116
105 144
105 194
105 199
106 3
106 15
106 61
106 83
106 98
106 105
106 110
106 112
106 114
106 122
106 135
106 168
106 177
106 185
106 189
106 191
106 193
106 196
107 2
107 14
107 24
107 78
107 101
107 114
107 132
107 196
107 197
108 5
108 9
108 21
108 93
108 98
108 102
108 110
108 116
108 117
108 121
108 126
108 128
108 146
108 183
108 188
108 199
109 2
109 21
109 81
109 117
109 121
109 125
109 130
109 148
109 181
109 182
109 187
109 193
110 2
110 6
110 7
110 75
110 76
110 112
110 115
110 127
110 142
110 181
110 184
110 187
110 189
110 195
110 198
111 0
111 25
111 80
111 97
111 98
111 108
111 109
111 119
111 120
111 121
111 149
111 180
111 187
111 190
111 194
111 196
112 10
112 108
112 110
112 111
112 125
112 131
112 177
112 179
112 194
113 9
113 15
113 89
113 90
113 110
113 113
113 117
113 122
113 142
113 147
113 151
113 173
113 174
113 175
113 177
113 184
113 191
113 199
114 16
114 21
114 98
114 103
114 105
114 148
114 150
114 175
114 194
114 197
115 2
115 4
115 5
115 102
115 107
115 108
115 109
115 116
115 121
115 149
115 160
115 174
115 175
115 176
115 192
115 197
116 3
116 10
116 13
116 18
116 32
116 80
116 86
116 89
116 109
116 118
116 119
116 120
116 122
116 128
116 147
116 154
116 160
117 12
117 14
117 17
117 75
117 84
117 86
117 90
117 110
117 118
117 119
117 158
117 179
117 188
117 197
118 6
118 13
118 16
118 74
118 78
118 92
118 99
118 111
118 119
118 120
118 132
118 177
118 178
118 184
118 191
119 4
119 7
119 14
119 17
119 82
119 107
119 110
119 118
119 137
119 139
119 141
119 144
120 11
120 76
120 94
120 100
120 108
120 118
120 120
120 122
120 132
121 17
121 94
121 98
121 100
121 106
121 107
121 112
121 115
121 119
121 121
121 130
121 147
121 175
121 176
121 179
121 183
121 188
121 190
121 191
121 194
121 195
121 198
122 0
122 2
122 3
122 7
122 27
122 44
122 95
122 97
122 101
122 103
122 106
122 113
122 122
122 126
122 127
122 132
122 190
122 196
123 22
123 28
123 36
123 64
123 76
123 81
123 84
123 87
123 90
123 95
123 99
123 150
124 3
124 31
124 80
124 82
124 102
124 128
124 141
124 146
124 151
124 170
125 70
125 78
125 79
125 90
125 92
125 93
125 134
125 139
125 153
125 163
126 77
126 81
126 105
126 126
126 128
126 140
126 143
126 150
127 29
127 48
127 77
127 81
127 85
127 89
127 111
127 117
127 129
127 133
127 168
128 42
128 75
128 77
128 81
128 93
128 103
128 131
128 145
128 160
129 30
129 54
129 74
129 80
129 99
129 126
129 134
129 163
129 184
130 73
130 76
130 80
130 123
130 156
131 3
131 75
131 78
131 81
131 87
131 88
131 89
131 96
131 132
131 133
131 143
131 145
132 26
132 39
132 48
132 85
132 90
132 94
132 109
132 128
132 130
132 135
132 150
133 43
133 44
133 53
133 78
133 84
133 86
133 134
133 137
133 140
133 148
133 155
133 159
134 64
134 81
134 85
134 89
134 128
134 146
134 150
134 175
134 179
135 48
135 52
135 73
135 82
135 85
135 89
135 124
135 130
135 134
135 157
135 158
135 170
135 194
136 5
136 12
136 25
136 35
136 46
136 47
136 58
136 74
136 86
136 94
136 95
136 108
136 113
136 140
136 161
136 167
136 171
136 176
137 11
137 14
137 27
137 29
137 46
137 79
137 82
137 85
137 125
137 134
138 62
138 75
138 80
138 94
138 107
138 116
138 123
138 141
138 173
139 1
139 3
139 26
139 36
139 105
139 113
139 144
139 148
139 153
140 28
140 41
140 65
140 73
140 103
140 137
140 155
140 158
140 160
140 162
140 173
141 18
141 34
141 43
141 53
141 75
141 80
141 87
141 97
141 104
141 111
141 129
141 144
141 146
141 171
142 32
142 59
142 65
142 89
142 91
142 96
142 97
142 126
142 129
142 130
142 138
142 141
142 147
143 23
143 81
143 90
143 101
143 103
143 133
143 149
143 153
143 154
143 167
144 5
144 31
144 51
144 73
144 75
144 77
144 88
144 93
144 105
144 115
144 117
144 125
144 132
144 139
144 141
144 161
145 69
145 73
145 74
145 122
145 128
145 135
145 138
145 141
145 147
145 150
145 170
145 188
146 75
146 78
146 81
146 85
146 90
146 93
146 94
146 95
146 130
146 139
146 142
146 153
147 86
147 96
147 117
147 122
147 130
147 145
147 165
148 4
148 77
148 79
148 89
148 154
149 81
149 87
149 96
149 141
149 149
149 162
149 171
150 77
150 81
150 95
150 121
150 132
150 136
150 167
150 172
151 28
151 52
151 71
151 73
151 82
151 87
151 88
151 101
151 109
151 141
151 147
151 148
151 184
152 1
152 17
152 81
152 87
152 118
152 136
152 138
152 150
153 64
153 80
153 83
153 90
153 92
153 93
153 127
153 175
153 182
153 188
154 3
154 12
154 24
154 41
154 47
154 69
154 100
154 114
154 126
154 144
154 145
154 165
154 185
154 187
155 18
155 73
155 75
155 76
155 88
155 91
155 98
155 105
155 121
155 138
155 143
155 146
155 191
155 194
156 0
156 10
156 17
156 18
156 45
156 76
156 98
156 106
156 117
156 120
156 125
156 128
156 144
156 199
157 4
157 82
157 86
157 97
157 100
157 105
157 143
158 2
158 6
158 26
158 33
158 39
158 41
158 74
158 86
158 87
158 103
158 106
158 111
158 117
158 119
158 124
158 186
158 195
159 1
159 74
159 87
159 94
159 96
159 97
159 100
159 110
159 115
159 119
159 192
160 4
160 13
160 27
160 41
160 51
160 60
160 77
160 79
160 95
160 97
160 102
160 105
160 115
160 120
160 123
160 126
160 128
160 135
160 146
161 6
161 7
161 27
161 28
161 43
161 44
161 59
161 81
161 89
161 90
161 92
161 102
161 110
161 127
161 139
161 148
162 3
162 5
162 17
162 20
162 79
162 81
162 97
162 106
162 108
162 109
162 113
162 120
162 138
162 162
162 182
163 73
163 77
163 78
163 79
163 82
163 83
163 94
163 97
163 107
163 126
163 131
163 134
163 135
163 137
163 141
163 146
163 191
164 3
164 34
164 49
164 59
164 67
164 80
164 81
164 94
164 128
164 129
164 134
164 141
164 143
164 145
164 185
164 188
164 197
165 3
165 5
165 73
165 74
165 142
165 147
165 183
166 0
166 4
166 10
166 21
166 23
166 73
166 81
166 86
166 96
166 100
166 101
166 117
166 125
166 130
166 132
166 135
166 137
166 141
166 148
167 5
167 39
167 46
167 74
167 77
167 88
167 92
167 97
167 114
167 136
167 143
167 180
167 194
168 22
168 59
168 60
168 73
168 80
168 91
168 92
168 95
168 97
168 111
168 123
168 144
168 189
169 5
169 18
169 19
169 64
169 80
169 83
169 92
169 103
169 114
169 125
169 126
169 128
169 138
169 139
169 143
169 177
170 1
170 14
170 42
170 50
170 77
170 84
170 87
170 88
170 91
170 117
170 129
170 148
170 193
171 34
171 64
171 75
171 86
171 87
171 93
171 98
171 100
171 148
171 149
171 185
172 8
172 24
172 49
172 76
172 82
172 83
172 93
172 97
172 113
172 119
172 122
172 130
172 132
172 145
172 175
172 181
172 190
172 194
172 195
173 6
173 14
173 18
173 75
173 78
173 80
173 82
173 88
173 90
173 127
173 130
173 137
174 111
174 159
174 183
174 191
174 192
175 100
175 101
175 118
175 122
175 175
175 176
175 179
176 5
176 68
176 91
176 110
176 113
176 114
176 178
176 180
176 181
176 191
176 197
177 75
177 76
177 81
177 86
177 91
177 93
177 96
177 119
177 173
177 177
177 183
177 184
177 193
177 194
177 198
178 58
178 76
178 77
178 88
178 90
178 112
178 158
178 165
178 172
178 179
178 181
178 191
178 196
179 38
179 116
179 188
179 193
180 13
180 37
180 94
180 102
180 108
180 151
180 178
180 179
180 196
180 198
181 66
181 70
181 82
181 90
181 99
181 103
181 104
181 109
181 113
181 115
181 119
181 120
181 121
181 162
181 171
181 177
181 182
181 186
181 187
181 188
181 193
181 194
182 7
182 46
182 78
182 79
182 81
182 83
182 88
182 93
182 111
182 122
182 184
182 190
182 196
182 198
183 73
183 96
183 101
183 105
183 109
183 161
183 177
183 181
183 186
183 192
183 193
184 4
184 8
184 14
184 17
184 45
184 50
184 74
184 84
184 105
184 109
184 111
184 120
184 159
184 184
184 189
184 190
184 194
184 195
184 196
185 34
185 48
185 81
185 83
185 90
185 93
185 110
185 154
185 160
185 168
185 182
185 183
185 184
185 193
186 56
186 74
186 76
186 78
186 86
186 89
186 104
186 112
186 116
186 121
186 157
186 164
186 187
186 190
186 194
187 27
187 74
187 83
187 109
187 118
187 175
187 177
187 185
188 6
188 10
188 77
188 78
188 87
188 99
188 106
188 121
188 180
188 184
188 186
188 197
189 22
189 34
189 56
189 65
189 104
189 162
189 185
189 188
189 189
189 192
189 193
189 197
190 21
190 39
190 78
190 90
190 100
190 103
190 115
190 121
190 182
190 189
190 199
191 10
191 31
191 64
191 78
191 81
191 82
191 84
191 85
191 99
191 105
191 114
191 119
191 170
191 172
191 175
191 176
191 179
191 181
191 194
191 195
192 15
192 40
192 73
192 77
192 78
192 88
192 89
192 90
192 121
192 159
192 181
192 182
192 190
192 191
192 194
192 196
193 23
193 73
193 77
193 92
193 106
193 155
193 161
193 167
193 168
193 182
193 184
193 190
193 198
194 38
194 44
194 88
194 89
194 93
194 95
194 96
194 98
194 114
194 152
194 165
194 171
194 185
194 189
195 44
195 76
195 99
195 100
195 103
195 104
195 111
195 116
195 121
195 176
195 181
195 190
195 194
196 7
196 11
196 85
196 86
196 87
196 92
196 119
196 172
196 179
196 184
196 185
197 63
197 76
197 79
197 90
197 94
197 117
197 175
197 180
197 185
197 192
197 196
197 197
198 8
198 94
198 95
198 98
198 118
198 167
198 169
198 177
198 184
199 4
199 15
199 86
199 89
199 106
199 121
199 183
199 189
199 192
199 196
