0 1
2 1
3 1
0 4
5 6
7 4
2 8
9 1
10 4
11 12
13 1
14 4
5 1
9 4
15 1
16 1
5 4
5 17
16 4
3 18
2 19
16 6
20 1
21 1
10 1
13 22
23 1
24 4
3 4
23 25
5 26
27 1
28 29
30 1
9 31
32 1
7 1
5 8
2 4
33 31
11 1
7 34
3 6
14 1
10 35
10 19
10 36
0 6
7 31
33 4
10 18
3 22
37 8
11 8
28 4
5 38
23 39
7 16
14 8
3 8
11 18
13 4
40 4
10 41
10 8
37 1
37 17
42 31
5 29
24 31
0 29
9 8
9 43
0 43
10 44
3 19
33 8
3 34
23 8
11 4
15 6
32 4
10 38
10 22
13 19
5 19
14 6
32 8
7 6
13 8
16 34
0 25
40 8
9 41
0 19
45 1
14 22
10 46
13 29
16 8
0 44
10 29
2 41
30 34
47 1
10 43
48 1
16 19
32 6
16 29
0 16
23 4
10 25
7 8
9 25
32 49
30 4
0 22
2 22
5 43
0 38
5 31
16 25
3 44
28 1
7 19
40 1
0 26
10 6
0 12
5 22
50 4
3 12
24 41
13 18
7 51
27 49
0 41
37 22
13 17
52 25
32 31
53 1
10 12
11 29
24 1
5 54
5 51
5 12
13 25
23 29
28 44
55 1
37 41
37 56
0 18
28 18
40 34
37 38
7 29
30 22
37 4
7 18
33 17
10 17
14 25
0 8
53 4
3 16
32 19
10 16
9 44
5 25
7 57
0 58
10 34
11 26
59 6
42 4
59 1
7 26
60 4
45 8
61 1
13 44
16 46
14 17
5 18
7 41
10 31
3 31
5 34
48 43
62 4
23 22
2 31
33 1
62 1
13 41
7 25
13 39
10 49
45 4
3 56
0 34
14 58
28 8
24 17
3 29
40 22
9 49
24 22
23 6
13 43
6 6
2 25
3 49
5 36
3 38
7 12
9 18
16 18
7 49
16 57
2 58
33 34
5 44
63 25
2 29
48 49
9 12
10 39
9 46
32 22
5 49
24 8
2 44
64 4
14 34
16 41
40 38
2 6
48 8
9 38
21 4
42 1
23 19
32 29
48 4
32 44
7 44
45 25
3 43
13 12
16 49
32 17
10 65
33 6
40 29
7 22
37 29
16 44
9 56
16 65
13 34
16 22
3 36
10 56
2 34
16 66
67 4
0 17
3 25
14 18
23 18
20 4
30 8
5 56
3 41
60 1
68 8
45 6
2 18
2 16
40 25
27 4
24 25
24 12
5 69
10 69
13 38
48 29
40 43
19 56
3 17
2 49
9 22
3 70
40 71
72 73
74 71
75 76
77 73
78 79
72 79
80 71
81 73
82 73
6 79
83 76
80 84
40 73
80 85
6 76
82 76
86 76
87 84
88 76
72 84
80 76
74 76
80 79
72 76
86 71
40 89
77 79
78 76
86 90
72 89
80 73
82 61
74 84
82 91
81 79
78 73
75 71
92 79
77 76
93 79
77 71
75 79
93 61
77 94
86 95
86 79
75 96
6 61
86 73
74 79
40 61
40 85
40 76
82 79
88 71
75 84
88 79
88 73
75 90
78 89
78 71
81 97
40 79
86 98
86 91
99 76
93 85
77 91
77 84
80 89
6 84
92 71
88 100
88 84
6 91
72 101
75 73
77 102
103 84
82 84
88 89
86 84
6 89
99 79
80 91
80 104
75 89
6 73
80 98
105 106
107 106
108 109
108 110
107 111
65 109
107 112
107 113
5 113
65 114
5 109
107 109
115 113
108 116
117 118
115 118
105 110
119 120
5 116
107 121
119 113
96 120
115 106
107 120
95 122
107 122
105 109
107 123
108 120
65 121
65 110
115 116
5 120
5 118
107 118
65 122
95 116
108 113
124 109
119 123
65 125
108 126
115 109
5 110
119 126
65 116
108 106
107 116
107 127
119 118
119 127
107 125
105 116
65 118
65 127
115 127
117 120
115 120
117 122
5 125
65 106
117 113
5 122
115 110
96 125
108 123
128 109
119 106
119 121
19 113
65 113
105 126
117 106
119 125
108 111
105 118
107 129
119 111
108 130
117 110
131 116
5 123
108 125
107 130
107 132
108 132
117 125
133 92
134 135
30 52
134 47
136 137
138 137
139 137
140 141
142 143
142 144
145 146
