0 29
0 34
0 41
0 50
0 85
0 86
0 88
1 24
1 37
1 42
1 46
1 49
1 51
1 52
1 54
1 57
1 68
1 77
2 30
2 33
2 35
2 39
2 41
2 46
2 51
2 55
2 72
3 32
3 36
3 37
3 39
3 42
3 75
4 26
4 39
4 41
4 47
4 49
4 68
4 70
5 6
5 24
5 37
5 38
5 44
5 47
5 49
5 50
5 54
5 58
5 59
5 92
6 22
6 31
6 52
6 55
6 65
6 70
6 81
6 93
6 98
7 23
7 31
7 33
7 43
7 48
7 64
7 84
7 86
8 8
8 68
8 79
9 41
9 52
9 66
9 76
10 31
10 33
10 41
10 44
10 54
10 59
10 63
10 80
10 98
11 33
11 34
11 42
11 51
11 53
11 56
11 81
12 38
12 53
12 55
12 78
12 82
12 86
13 27
13 31
13 35
13 44
13 49
13 52
13 80
13 86
14 55
14 98
15 42
15 45
15 48
15 50
15 53
16 29
16 36
16 44
16 51
16 53
16 82
16 88
16 92
17 34
17 40
17 52
17 54
17 61
17 77
17 81
17 96
18 22
18 54
18 81
19 20
19 26
19 32
19 42
19 45
19 48
19 61
19 82
19 96
20 22
20 42
20 72
21 22
21 24
21 26
21 32
21 34
21 42
21 48
21 51
21 52
21 75
21 76
21 78
21 79
22 24
22 31
22 59
22 60
22 62
22 71
22 75
23 59
23 64
23 71
23 72
23 87
23 90
23 97
24 57
24 62
24 64
24 77
24 78
24 93
24 95
25 26
25 59
25 62
25 64
25 65
25 70
25 98
26 23
26 24
26 62
26 64
26 67
26 68
26 70
26 96
27 36
27 45
27 58
27 61
27 66
27 69
27 94
28 23
28 26
28 62
28 64
28 69
28 72
28 73
28 75
28 82
28 87
28 96
29 13
29 28
29 45
29 49
29 51
29 62
29 72
29 96
30 0
30 31
30 50
30 54
30 58
30 61
30 72
30 81
30 93
30 99
31 8
31 16
31 27
31 28
31 49
31 56
31 58
31 66
32 7
32 26
32 48
32 49
32 51
32 59
32 62
33 8
33 22
33 47
33 72
33 78
33 80
33 87
33 93
34 0
34 26
34 45
34 46
34 49
34 51
34 58
34 59
34 60
34 62
34 71
34 81
34 98
34 99
35 4
35 7
35 46
35 76
35 79
35 85
36 21
36 45
36 49
36 54
36 75
36 83
36 98
37 25
37 28
37 48
37 50
37 54
37 62
37 68
37 84
37 88
38 5
38 18
38 24
38 48
38 68
38 69
38 72
38 76
38 80
38 94
39 5
39 29
39 48
39 50
39 60
39 66
39 83
39 87
39 94
40 0
40 13
40 45
40 51
40 52
41 2
41 6
41 12
41 21
41 47
41 48
41 54
41 55
41 58
41 59
41 61
41 75
42 4
42 15
42 39
42 46
42 51
42 52
42 53
42 54
42 68
42 96
43 4
43 14
43 15
43 48
43 49
43 55
43 65
44 6
44 14
44 23
44 45
44 46
44 54
44 56
44 58
44 69
44 84
44 85
44 87
44 97
45 0
45 38
45 53
45 55
45 59
45 64
45 66
45 76
45 81
45 88
45 89
45 94
46 1
46 2
46 5
46 8
46 18
46 21
46 22
46 29
46 44
46 46
46 54
46 65
46 93
47 4
47 6
47 12
47 21
47 22
47 26
47 30
47 52
47 63
47 71
47 72
47 88
47 91
48 5
48 15
48 26
48 33
48 55
48 56
48 63
48 73
48 93
48 99
49 10
49 14
49 21
49 32
49 61
49 68
49 70
50 3
50 4
50 34
50 37
50 44
50 55
50 64
50 85
50 94
51 2
51 3
51 8
51 15
51 16
51 18
51 35
51 40
51 43
51 56
51 58
51 60
51 68
51 90
51 95
52 29
52 52
52 63
52 92
52 93
53 2
53 15
53 23
53 28
53 29
53 42
53 58
53 71
53 74
53 84
53 92
54 12
54 26
54 27
54 28
54 30
54 36
54 40
54 41
54 49
54 53
54 59
54 68
54 70
54 97
55 2
55 5
55 30
55 34
55 36
55 46
55 52
55 66
55 83
56 1
56 12
56 14
56 20
56 62
57 24
57 70
57 81
58 5
58 30
58 83
59 24
59 26
59 51
59 52
59 63
60 27
60 28
60 52
60 57
61 3
61 4
61 8
61 22
61 27
61 37
62 20
62 28
63 2
63 18
63 22
63 24
63 26
63 49
63 50
63 66
64 22
64 25
64 26
64 28
64 75
64 86
65 2
65 19
66 19
66 22
66 27
66 28
66 46
66 72
67 2
67 19
67 27
67 45
67 82
68 24
68 25
69 23
69 53
70 20
70 23
70 27
70 60
71 3
71 26
71 27
71 28
71 46
72 30
72 33
72 37
72 40
72 42
72 67
72 79
72 84
72 89
72 94
73 9
73 10
73 47
73 56
73 58
73 63
73 64
73 70
73 72
73 74
73 76
73 85
73 90
73 93
73 98
73 99
74 6
74 16
74 43
74 67
74 71
74 73
74 87
74 98
74 99
75 12
75 41
75 57
75 58
75 63
75 66
75 67
75 69
75 71
75 73
75 76
75 77
75 78
75 92
75 94
76 20
76 34
76 41
76 49
76 51
76 56
76 71
76 72
76 76
76 91
76 92
77 13
77 47
77 59
77 60
77 62
77 66
77 72
77 90
77 92
77 93
77 98
78 39
78 56
78 63
78 64
78 70
78 74
78 84
78 87
78 91
78 92
78 96
79 3
79 14
79 29
79 62
79 63
79 75
79 77
79 79
79 84
79 85
79 93
79 96
80 35
80 56
80 58
80 67
80 68
80 72
80 73
80 81
80 83
80 84
80 85
80 87
80 89
80 91
80 98
81 7
81 8
81 32
81 37
81 57
81 59
81 65
81 71
81 74
81 85
81 90
81 98
82 36
82 42
82 66
82 70
82 75
82 79
82 80
82 98
83 10
83 20
83 65
83 80
83 81
83 83
83 88
83 90
83 94
83 96
84 12
84 15
84 18
84 38
84 45
84 66
84 75
84 82
84 94
84 98
85 13
85 17
85 53
85 63
85 74
85 75
85 76
85 78
85 84
85 90
85 97
86 8
86 45
86 59
86 62
86 63
86 74
86 77
86 78
86 88
86 91
86 92
86 94
87 2
87 72
87 75
87 90
87 91
88 6
88 14
88 31
88 34
88 41
88 46
88 48
88 51
88 52
88 63
88 73
88 79
88 83
88 93
89 0
89 2
89 39
89 42
89 43
89 44
89 45
89 46
89 47
89 49
89 54
89 79
89 89
90 3
90 15
90 29
90 30
90 31
90 49
90 52
90 82
90 88
91 36
91 41
91 45
91 47
91 53
91 56
91 60
91 67
91 73
91 81
91 82
91 87
91 88
92 34
92 36
92 43
92 49
92 55
92 75
92 85
92 91
93 34
93 38
93 45
93 46
93 49
93 51
93 52
93 58
93 74
93 76
94 12
94 29
94 43
94 51
94 54
94 71
94 76
94 82
95 1
95 7
95 30
95 35
95 42
95 44
95 45
95 47
95 49
95 92
96 30
96 32
96 35
96 42
96 47
96 49
96 50
96 55
96 86
96 87
97 4
97 35
97 38
97 42
97 45
97 46
97 49
97 52
97 53
97 54
97 60
97 61
97 76
98 6
98 30
98 32
98 34
98 35
98 40
98 42
98 46
98 48
98 49
98 50
98 51
98 57
98 65
98 72
98 77
99 4
99 11
99 29
99 32
99 47
99 49
99 54
99 71
99 75
99 80
99 81
99 83
